% AAE56000, Spring 2019
% Dubai Transport SoS Project
% Milan Bidare, Mateus Feitosa, Alex Kirtley, Sujit Shivaprasad, Thomas Shaw
%

%% ----------- Metro Lines ----------------

% Metro Green line
MetroGreenLine_s = [1 2 3 4 5 6 7 8 9 10 11 12 13 14 15 16 17 18 19 2 3 4 5 6 7 8 9 10 11 12 13 14 15 16 17 18 19 20];
MetroGreenLine_t = [2 3 4 5 6 7 8 9 10 11 12 13 14 15 16 17 18 19 20 1 2 3 4 5 6 7 8 9 10 11 12 13 14 15 16 17 18 19];
MetroGreenLine_weights = [3 2 1 2 2 2 2 2 2 2 2 2 2 2 2 3 3 2 2 3 2 1 2 2 2 2 2 2 2 2 2 2 2 2 3 3 2 2];
MetroGreenLine_names =  ...
{
'Etisalat'      %1
'Al Qusais'     %2
'DAFZ'          %3
'Al Nahda'      %4
'Stadium'       %5
'Al Qiyadah'    %6
'Abu Hall'      %7
'Abu Baker Al Siddique'   %8
'Salah Al Din'  %9
'Union - Green Line' %10
'Baniyas Square' %11    
'Palm Deira'    %12
'Al Ras'        %13
'Al Ghubaiba'   %14
'Al Fahkli'     %15
'BurJuman - Green Line' %16
'Oud Metha'     %17
'DHC'           %18
'Al Jadaf'      %19
'Creek'         %20
};

% Metro Red Line - 
MetroRedLine_s = [21 22 23 24 25 26 27 28 29 30 31 32 33 34 35 36 37 38 39 40 41 42 43 44 45 46 47 22 23 24 25 26 27 28 29 30 31 32 33 34 35 36 37 38 39 40 41 42 43 44 45 46 47 48];
MetroRedLine_t = [22 23 24 25 26 27 28 29 30 31 32 33 34 35 36 37 38 39 40 41 42 43 44 45 46 47 48 21 22 23 24 25 26 27 28 29 30 31 32 33 34 35 36 37 38 39 40 41 42 43 44 45 46 47];
MetroRedLine_weights = [4 2 1 2 2 2 3 2 2 2 2 2 1 2 2 5 2 2 2 2 3 2 2 2 3 3 4 4 2 1 2 2 2 3 2 2 2 2 2 1 2 2 5 2 2 2 2 3 2 2 2 3 3 4];
MetroRedLine_names =  ...
{
'Rashidiya'             %21
'Emirates'              %22
'Airport Terminal 3'    %23
'Airport Terminal 1'    %24
'GGICO'                 %25
'Deira City Centre'     %26
'Al Rigga'              %27 
'Union - Red Line'      %28
'BurJuman - Red Line'   %29
'ADCB'                  %30
'Al Jafiliya'           %31
'World Trade Centre'    %32
'Emirates Towers'       %33
'Financial Centre'      %34
'Burj Khalifa / Dubai Mall' %35
'Business Bay'          %36
'Noor Bank'             %37
'First Abu Dhabi Bank'  %38
'Mall of the Emirates'  %39
'Sharaf DG'             %40
'Dubai Internet City'   %41
'Nakheel'               %42
'DAMAC PROPERTIES'      %43
'DMCC'                  %44
'Ibn Battuta'           %45
'Energy'                %46
'Danube'                %47
'UAE Exchange'          %48
};

%%Metro RedGreen connections
MetroRedGreen_s = [10 28 16 29];
MetroRedGreen_t = [28 10 29 16];
MetroRedGreen_weights = [5 5 5 5];

%%Metro Summation
Metro_s = [MetroRedLine_s MetroGreenLine_s MetroRedGreen_s];
Metro_t = [MetroRedLine_t MetroGreenLine_t MetroRedGreen_t];
Metro_weights = [MetroRedLine_weights MetroGreenLine_weights MetroRedGreen_weights];
Metro_names = [MetroRedLine_names 
               MetroGreenLine_names];
           
%% ----------- Tram Lines ---------------- 

%Tram T01 'Dubai Tram'
TramT01_s = [49 50 51 52 53 54 55 56 50 51 52 53 54 55 56 57];
TramT01_t = [50 51 52 53 54 55 56 57 49 50 51 52 53 54 55 56];
TramT01_weights = [2 3 3 3 1 2 3 2 2 3 3 3 1 2 3 2];
TramT01_names = ...
{
'Jumeirah Lakes Towers' %49
'Dubai Marina Mall'     %50
'Dubai Marina'          %51
'Marina Towers'         %52
'Mina Seyahi'           %53
'Media City'            %54
'Palm Jumeirah'         %55
'Knowledge Village'     %56
'Al Sufouh'             %57
};

%Tram connections
TramConnect_s = [];
TramConnect_t = [];
TramConnect_weights = [];

%Tram Summation
Tram_s = [TramT01_s TramConnect_s];
Tram_t = [TramT01_t TramConnect_t];
Tram_weights = [TramT01_weights TramConnect_weights];
Tram_names = [TramT01_names];

%% ----------- Bus Lines ----------------           

%connection array, append to after each line is added. Only find
%connections from lower node numbers to avoid duplication.
bus_conn_s = [];
bus_conn_t = [];
bus_conn_weights = [];

%R7
br7_s = [58 59 60 61 62 63 64 65 66 67 68 69 59 60 61 62 63 64 65 66 67 68 69 70];
br7_t = [59 60 61 62 63 64 65 66 67 68 69 70 58 59 60 61 62 63 64 65 66 67 68 69];
br7_weights = [1 2 4 6 1 1 1 1 1 1 3 5 1 2 4 6 1 1 1 1 1 1 3 5];
br7_names = ...
{
'Quoz, J Mart Supermarket'          %58
'Quoz, Clinic'                      %59
'Quoz, Dubai Municipality Center'   %60
'Business Bay Metro Bus Stop'       %61
'Dubai Petroleum Corporation'       %62
'Wasl, Emirates Bank'               %63
'Wasl, Road 1'                      %64
'Wasl Emarat Petrol Station'        %65
'Jumeira American School'           %66
'Wasl, Park'                        %67
'Iranian Hospital'                  %68
'Hudheiba, Road'                    %69
'Satwa, Bus Station'                %70
};

%
bus_conn_s = [bus_conn_s];
bus_conn_t = [bus_conn_t];
bus_conn_weights = [bus_conn_weights];

%R8
br8_s = [71	72	73	74	75	76	77	78	79	80	81	82	83	84	85	86	87	88	89	90	91	92	93	94	95	96	97	98	99	100	101	102	103	104	105	106	107	108	109	110	111	112 72	73	74	75	76	77	78	79	80	81	82	83	84	85	86	87	88	89	90	91	92	93	94	95	96	97	98	99	100	101	102	103	104	105	106	107	108	109	110	111	112	113];
br8_t = [72	73	74	75	76	77	78	79	80	81	82	83	84	85	86	87	88	89	90	91	92	93	94	95	96	97	98	99	100	101	102	103	104	105	106	107	108	109	110	111	112	113 71	72	73	74	75	76	77	78	79	80	81	82	83	84	85	86	87	88	89	90	91	92	93	94	95	96	97	98	99	100	101	102	103	104	105	106	107	108	109	110	111	112];
br8_weights = [7 3 2 1 1 3 1 1 1 .1 1 1 1 1 1 .1 4 2 .1 1 1 1 1 1 1 1 1 2 1 1 2 .1 1 2 .1 5 1 1 2 2 1 6 7 3 2 1 1 3 1 1 1 .1 1 1 1 1 1 .1 4 2 .1 1 1 1 1 1 1 1 1 2 1 1 2 .1 1 2 .1 5 1 1 2 2 1 6];
br8_names = ...
{
'Gold Souq Bus Station'                  %%71
'Ghubaiba Bus Station'
'Department of Ports & Customs'
'Power Gas Station'
'Capital Hotel'
'Hudheiba'
'Dhiyafa'
'Jumeira, Grand Masjid'
'Jumeira Centre'
'Century Plaza'
'Beach Center'
'Dubai Zoo'
'Mercato Shopping Mall'
'Hassa Bint Al Murr Masjid'
'Suhail Bin Jumaa Masjid'
'Rashid Al Hadees Masjid'
'Rashid Bin Bakhait Masjid'
'Majlis Al Ghoreifa'
'Saeed Majid Bil Yoha Masjid'
'Jumeira 3, Masjid'
'Dubai Offshore Sailing Club'
'Manara, Enoc'
'Abu Manara Masjid'
'Umm Suqeim 1'
'Umm Suqeim, Dubai Municipality Center'
'Saeed Bin Huzeim Masjid'
'Umm Suqeim, Library'
'Umm Suqeim, Park'
'Maharba Masjid'
'Wild Wadi'
'Burj Al Arab Hotel'
'Madinat Jumeira'
'King Salman Bin Abdulaziz Al Saud Street 1'
'King Salman Bin Abdulaziz Al Saud Street 2'
'King Salman Bin Abdulaziz Al Saud Street 3'
'Dubai College'
'Royal Mirage Hotel 1'
'The Westin Dubai Mina Seyahi Beach Hotel'
'Mina Al Siyahi, Le Meridien Hotel'
'Jumeira, Royal Meridian'
'Jumeirah Beach Residence Station 1'
'Jumeirah Beach Residence Station 2'
'Ibn Battuta Metro Bus Station'             %113
};

bus_conn_s = [bus_conn_s 12 71 14 72];
bus_conn_t = [bus_conn_t 71 12 72 14];
bus_conn_weights = [bus_conn_weights 5 5 5 5];


%R10
br10_s = [114 115 116 117 118 119 120 121 122 123 124 125 126 127 115 116 117 118 119 120 121 122 123 124 125 126 127 128];
br10_t = [115 116 117 118 119 120 121 122 123 124 125 126 127 128 114 115 116 117 118 119 120 121 122 123 124 125 126 127];
br10_weights = [4 2 2 2 2 1 3 2 1 5 2 3 15 .1 4 2 2 2 2 1 3 2 1 5 2 3 15 .1];
br10_names = ...
{
'Gold Souq Bus Station 2'         %114
'Naif Intersection'
'Burj Nahar, Intersection'
'Al Nakhal 1'
'Salah Al Din Metro Bus Stop'
'Reef Mall'
'Muraqqabat, Police Station'
'Hamarain Center'
'Al Bakhit Center'
'Ministry of Environment'
'British Council'
'Umm Hurair, Road 1'
'Al Jafiliya Bus Station'
'Honda, Training Center'
'Al Quoz, Bus Station'          %128
};

bus_conn_s = [bus_conn_s 12 114 114 71];
bus_conn_t = [bus_conn_t 114 12 71 114];
bus_conn_weights = [bus_conn_weights 5 5 5 5];

%R11a
br11a_s = [];
br11a_t = [];
br11a_weights = [];
